# Blender 3.6.0
# www.blender.org
mtllib object2.mtl
o Cube
v 1.000000 1.000000 -1.000000
v 1.000000 -1.000000 -1.000000
v 1.000000 1.000000 1.000000
v 1.000000 -1.000000 1.000000
v -1.000000 1.000000 -1.000000
v -1.000000 -1.000000 -1.000000
v -1.000000 1.000000 1.000000
v -1.000000 -1.000000 1.000000
v -0.585069 0.652518 -0.198892
v 1.249244 0.207881 -0.860399
v -0.676363 2.184271 -1.481622
v 1.157950 1.739635 -2.143129
v 0.206739 1.859177 1.185670
v 2.041052 1.414541 0.524163
v 0.115445 3.390931 -0.097060
v 1.949758 2.946295 -0.758567
v -0.945993 3.049750 -1.789332
v -0.945993 1.049750 -1.789332
v -0.945993 3.049750 0.210668
v -0.945993 1.049750 0.210668
v -2.945993 3.049750 -1.789332
v -2.945993 1.049750 -1.789332
v -2.945993 3.049750 0.210668
v -2.945993 1.049750 0.210668
v -0.511351 4.059501 0.429590
v 1.062371 4.867352 -0.503563
v -0.483110 2.524243 -0.851888
v 1.090613 3.332094 -1.785041
v -1.745288 5.054670 -0.789853
v -0.171566 5.862520 -1.723006
v -1.717047 3.519412 -2.071330
v -0.143324 4.327262 -3.004484
v -4.631550 0.820596 1.032180
v -3.057828 1.628447 0.099027
v -4.603309 -0.714661 -0.249298
v -3.029586 0.093189 -1.182451
v -5.865487 1.815765 -0.187262
v -4.291764 2.623616 -1.120416
v -5.837245 0.280507 -1.468740
v -4.263523 1.088358 -2.401894
v 5.181462 4.714555 -0.871699
v 4.324539 3.476099 -2.187720
v 6.320626 3.213701 -0.201069
v 5.463703 1.975246 -1.517090
v 3.778612 4.252313 0.476761
v 2.921689 3.013857 -0.839260
v 4.917776 2.751459 1.147391
v 4.060853 1.513003 -0.168630
v -8.227389 3.824798 -0.191334
v -6.653667 4.632649 -1.124487
v -8.199148 2.289541 -1.472812
v -6.625426 3.097391 -2.405965
v -9.461327 4.819967 -1.410777
v -7.887604 5.627818 -2.343930
v -9.433084 3.284709 -2.692254
v -7.859363 4.092560 -3.625408
v -7.139030 6.332598 -5.353240
v -6.644379 5.130156 -6.872930
v -6.266099 5.070582 -4.070546
v -5.771448 3.868140 -5.590234
v -8.869149 5.352063 -5.140545
v -8.374497 4.149621 -6.660234
v -7.996217 4.090047 -3.857851
v -7.501567 2.887605 -5.377539
v 3.105097 2.876835 -3.448474
v 4.678819 3.684686 -4.381627
v 3.133338 1.341577 -4.729952
v 4.707060 2.149428 -5.663105
v 1.871160 3.872004 -4.667916
v 3.444882 4.679854 -5.601069
v 1.899402 2.336746 -5.949394
v 3.473124 3.144597 -6.882547
v -3.389041 1.218704 6.727348
v -1.815320 2.026555 5.794195
v -3.360800 -0.316554 5.445870
v -1.787078 0.491297 4.512717
v -4.622979 2.213873 5.507906
v -3.049256 3.021723 4.574753
v -4.594737 0.678615 4.226428
v -3.021015 1.486466 3.293275
v -0.978972 -4.877542 5.663452
v 0.594749 -4.069691 4.730299
v -0.950731 -6.412800 4.381974
v 0.622991 -5.604949 3.448821
v -2.212910 -3.882373 4.444010
v -0.639187 -3.074523 3.510857
v -2.184668 -5.417632 3.162532
v -0.610946 -4.609781 2.229379
v 2.174371 -2.884175 -3.298225
v 3.748093 -2.076324 -4.231379
v 2.202612 -4.419433 -4.579703
v 3.776334 -3.611582 -5.512856
v 0.940434 -1.889006 -4.517668
v 2.514156 -1.081156 -5.450821
v 0.968676 -3.424264 -5.799146
v 2.542397 -2.616414 -6.732299
v -4.319011 6.013888 2.175044
v -3.523235 6.610448 3.910225
v -5.746121 5.026324 3.169062
v -4.950346 5.622884 4.904243
v -3.165712 4.380232 2.207783
v -2.369937 4.976793 3.942966
v -4.592823 3.392668 3.201802
v -3.797048 3.989228 4.936983
vn -0.0000 1.0000 -0.0000
vn -0.0000 -0.0000 1.0000
vn -1.0000 -0.0000 -0.0000
vn -0.0000 -1.0000 -0.0000
vn 1.0000 -0.0000 -0.0000
vn -0.0000 -0.0000 -1.0000
vn -0.9172 0.2223 0.3308
vn -0.0456 0.7659 -0.6414
vn 0.3959 0.6033 0.6923
vn 0.9172 -0.2223 -0.3308
vn -0.3959 -0.6033 -0.6923
vn 0.0456 -0.7659 0.6414
vn -0.7869 -0.4039 0.4666
vn 0.0141 -0.7676 -0.6407
vn -0.6170 0.4976 -0.6097
vn 0.7869 0.4039 -0.4666
vn 0.6170 -0.4976 0.6097
vn -0.0141 0.7676 0.6407
vn 0.4285 0.6192 0.6580
vn 0.5696 -0.7504 0.3353
vn -0.7014 -0.2311 0.6742
vn -0.4285 -0.6192 -0.6580
vn 0.7014 0.2311 -0.6742
vn -0.5696 0.7504 -0.3353
vn -0.2473 0.6012 0.7598
vn 0.4365 -0.6310 0.6413
vn -0.8651 -0.4903 0.1063
vn 0.2473 -0.6012 -0.7598
vn 0.8651 0.4903 -0.1063
vn -0.4365 0.6310 -0.6413
vn -0.3979 -0.2983 -0.8676
vn -0.7136 -0.4938 0.4970
vn 0.5766 -0.8168 0.0164
vn 0.3979 0.2983 0.8676
vn -0.5766 0.8168 -0.0164
vn 0.7136 0.4938 -0.4970
vt 0.875000 0.500000
vt 0.625000 0.750000
vt 0.625000 0.500000
vt 0.375000 1.000000
vt 0.375000 0.750000
vt 0.625000 0.000000
vt 0.375000 0.250000
vt 0.375000 0.000000
vt 0.375000 0.500000
vt 0.125000 0.750000
vt 0.125000 0.500000
vt 0.625000 0.250000
vt 0.875000 0.750000
vt 0.625000 1.000000
s 0
usemtl Material
f 5/1/1 3/2/1 1/3/1
f 3/2/2 8/4/2 4/5/2
f 7/6/3 6/7/3 8/8/3
f 2/9/4 8/10/4 6/11/4
f 1/3/5 4/5/5 2/9/5
f 5/12/6 2/9/6 6/7/6
f 9/3/7 15/13/7 11/2/7
f 12/5/8 15/14/8 16/4/8
f 15/6/9 14/7/9 16/8/9
f 10/9/10 16/10/10 14/11/10
f 10/9/11 11/2/11 12/5/11
f 13/12/12 10/9/12 14/7/12
f 21/1/1 19/2/1 17/3/1
f 19/2/2 24/4/2 20/5/2
f 23/6/3 22/7/3 24/8/3
f 18/9/4 24/10/4 22/11/4
f 17/3/5 20/5/5 18/9/5
f 21/12/6 18/9/6 22/7/6
f 25/3/13 31/13/13 27/2/13
f 28/5/14 31/14/14 32/4/14
f 31/6/15 30/7/15 32/8/15
f 30/11/16 28/5/16 32/10/16
f 25/3/17 28/5/17 26/9/17
f 30/7/18 25/3/18 26/9/18
f 33/3/13 39/13/13 35/2/13
f 36/5/14 39/14/14 40/4/14
f 39/6/15 38/7/15 40/8/15
f 38/11/16 36/5/16 40/10/16
f 33/3/17 36/5/17 34/9/17
f 38/7/18 33/3/18 34/9/18
f 41/3/19 47/13/19 43/2/19
f 44/5/20 47/14/20 48/4/20
f 47/6/21 46/7/21 48/8/21
f 42/9/22 48/10/22 46/11/22
f 42/9/23 43/2/23 44/5/23
f 46/7/24 41/3/24 42/9/24
f 49/3/13 55/13/13 51/2/13
f 52/5/14 55/14/14 56/4/14
f 55/6/15 54/7/15 56/8/15
f 54/11/16 52/5/16 56/10/16
f 49/3/17 52/5/17 50/9/17
f 53/12/18 50/9/18 54/7/18
f 57/3/25 63/13/25 59/2/25
f 60/5/26 63/14/26 64/4/26
f 63/6/27 62/7/27 64/8/27
f 62/11/28 60/5/28 64/10/28
f 57/3/29 60/5/29 58/9/29
f 61/12/30 58/9/30 62/7/30
f 65/3/13 71/13/13 67/2/13
f 68/5/14 71/14/14 72/4/14
f 71/6/15 70/7/15 72/8/15
f 70/11/16 68/5/16 72/10/16
f 65/3/17 68/5/17 66/9/17
f 69/12/18 66/9/18 70/7/18
f 73/3/13 79/13/13 75/2/13
f 76/5/14 79/14/14 80/4/14
f 79/6/15 78/7/15 80/8/15
f 78/11/16 76/5/16 80/10/16
f 73/3/17 76/5/17 74/9/17
f 77/12/18 74/9/18 78/7/18
f 81/3/13 87/13/13 83/2/13
f 84/5/14 87/14/14 88/4/14
f 87/6/15 86/7/15 88/8/15
f 86/11/16 84/5/16 88/10/16
f 81/3/17 84/5/17 82/9/17
f 85/12/18 82/9/18 86/7/18
f 89/3/13 95/13/13 91/2/13
f 92/5/14 95/14/14 96/4/14
f 95/6/15 94/7/15 96/8/15
f 94/11/16 92/5/16 96/10/16
f 89/3/17 92/5/17 90/9/17
f 93/12/18 90/9/18 94/7/18
f 101/1/31 99/2/31 97/3/31
f 100/5/32 103/14/32 104/4/32
f 103/6/33 102/7/33 104/8/33
f 102/11/34 100/5/34 104/10/34
f 98/9/35 99/2/35 100/5/35
f 101/12/36 98/9/36 102/7/36
f 5/1/1 7/13/1 3/2/1
f 3/2/2 7/14/2 8/4/2
f 7/6/3 5/12/3 6/7/3
f 2/9/4 4/5/4 8/10/4
f 1/3/5 3/2/5 4/5/5
f 5/12/6 1/3/6 2/9/6
f 9/3/7 13/1/7 15/13/7
f 12/5/8 11/2/8 15/14/8
f 15/6/9 13/12/9 14/7/9
f 10/9/10 12/5/10 16/10/10
f 10/9/11 9/3/11 11/2/11
f 13/12/12 9/3/12 10/9/12
f 21/1/1 23/13/1 19/2/1
f 19/2/2 23/14/2 24/4/2
f 23/6/3 21/12/3 22/7/3
f 18/9/4 20/5/4 24/10/4
f 17/3/5 19/2/5 20/5/5
f 21/12/6 17/3/6 18/9/6
f 25/3/13 29/1/13 31/13/13
f 28/5/14 27/2/14 31/14/14
f 31/6/15 29/12/15 30/7/15
f 30/11/16 26/9/16 28/5/16
f 25/3/17 27/2/17 28/5/17
f 30/7/18 29/12/18 25/3/18
f 33/3/13 37/1/13 39/13/13
f 36/5/14 35/2/14 39/14/14
f 39/6/15 37/12/15 38/7/15
f 38/11/16 34/9/16 36/5/16
f 33/3/17 35/2/17 36/5/17
f 38/7/18 37/12/18 33/3/18
f 41/3/19 45/1/19 47/13/19
f 44/5/20 43/2/20 47/14/20
f 47/6/21 45/12/21 46/7/21
f 42/9/22 44/5/22 48/10/22
f 42/9/23 41/3/23 43/2/23
f 46/7/24 45/12/24 41/3/24
f 49/3/13 53/1/13 55/13/13
f 52/5/14 51/2/14 55/14/14
f 55/6/15 53/12/15 54/7/15
f 54/11/16 50/9/16 52/5/16
f 49/3/17 51/2/17 52/5/17
f 53/12/18 49/3/18 50/9/18
f 57/3/25 61/1/25 63/13/25
f 60/5/26 59/2/26 63/14/26
f 63/6/27 61/12/27 62/7/27
f 62/11/28 58/9/28 60/5/28
f 57/3/29 59/2/29 60/5/29
f 61/12/30 57/3/30 58/9/30
f 65/3/13 69/1/13 71/13/13
f 68/5/14 67/2/14 71/14/14
f 71/6/15 69/12/15 70/7/15
f 70/11/16 66/9/16 68/5/16
f 65/3/17 67/2/17 68/5/17
f 69/12/18 65/3/18 66/9/18
f 73/3/13 77/1/13 79/13/13
f 76/5/14 75/2/14 79/14/14
f 79/6/15 77/12/15 78/7/15
f 78/11/16 74/9/16 76/5/16
f 73/3/17 75/2/17 76/5/17
f 77/12/18 73/3/18 74/9/18
f 81/3/13 85/1/13 87/13/13
f 84/5/14 83/2/14 87/14/14
f 87/6/15 85/12/15 86/7/15
f 86/11/16 82/9/16 84/5/16
f 81/3/17 83/2/17 84/5/17
f 85/12/18 81/3/18 82/9/18
f 89/3/13 93/1/13 95/13/13
f 92/5/14 91/2/14 95/14/14
f 95/6/15 93/12/15 94/7/15
f 94/11/16 90/9/16 92/5/16
f 89/3/17 91/2/17 92/5/17
f 93/12/18 89/3/18 90/9/18
f 101/1/31 103/13/31 99/2/31
f 100/5/32 99/2/32 103/14/32
f 103/6/33 101/12/33 102/7/33
f 102/11/34 98/9/34 100/5/34
f 98/9/35 97/3/35 99/2/35
f 101/12/36 97/3/36 98/9/36
